|0000|017|0|0||01012026|31012026|COMERCIO EXEMPLO LTDA|12345678000199|GO|5208707||00|2|
|0110|1|1|1||
|M100|101|0|1000,00|1,65|||16,50|0,00|0,00|0,00|16,50|0|16,50|0,00|
|M105|01|50|1000,00|0,00|1000,00|1000,00|||Aquisicao de mercadoria para revenda|
|M200|82,50|16,50|0,00|66,00|0,00|0,00|66,00|0,00|0,00|0,00|0,00|66,00|
|M210|01|5000,00|5000,00|0,00|0,00|5000,00|1,65|||82,50|0,00|0,00|0,00|0,00|82,50|
|M500|101|0|1000,00|7,60|||76,00|0,00|0,00|0,00|76,00|0|76,00|0,00|
|M505|01|50|1000,00|0,00|1000,00|1000,00|||Aquisicao de mercadoria para revenda|
|M600|380,00|76,00|0,00|304,00|0,00|0,00|304,00|0,00|0,00|0,00|0,00|304,00|
|M610|01|5000,00|5000,00|0,00|0,00|5000,00|7,60|||380,00|0,00|0,00|0,00|0,00|380,00|
