|0000|015|0|01012026|31012026|MERCADO CENTRAL LTDA|12345678000199||GO|101234567|5208707|||A|0|
|0150|FORN001|INDUSTRIA FORNECEDORA LTDA|1058|98765432000188||9876543210|||||||
|0150|CLI001|COMERCIO VAREJISTA XYZ LTDA|1058|11222333000144||112233445|||||||
|0200|PROD001|PARAFUSO SEXTAVADO M8|||UN|00|73181500||||19,00|
|C100|0|1|FORN001|55|00|1|1001|52260198765432000188550010000010011123456788|05012026|05012026|1000,00|0|0,00|0,00|1000,00|9|0,00|0,00|0,00|1000,00|190,00|0,00|0,00|0,00|16,50|76,00|0,00|0,00|
|C170|1|PROD001||100,0000|UN|1000,00|0,00|0|00|1102||1000,00|19,00|190,00|0,00|0,00|0,00|0|||0,00|0,00|0,00|50|1000,00|1,65||0,00|16,50|50|1000,00|7,60||0,00|76,00||0,00|
|C100|1|0|CLI001|55|00|1|2001|52260112345678000199550010000020011876543213|10012026|10012026|1500,00|0|0,00|0,00|1500,00|9|0,00|0,00|0,00|1500,00|285,00|0,00|0,00|0,00|24,75|114,00|0,00|0,00|
|C170|1|PROD001||150,0000|UN|1500,00|0,00|0|00|5102||1500,00|19,00|285,00|0,00|0,00|0,00|0|||0,00|0,00|0,00|01|1500,00|1,65||0,00|24,75|01|1500,00|7,60||0,00|114,00||0,00|
|C190|00|5102|19,00|1500,00|1500,00|285,00|0,00|0,00|0,00|0,00||
|E100|01012026|31012026|
|E110|285,00|0,00|0,00|0,00|190,00|0,00|0,00|0,00|0,00|95,00|0,00|95,00|0,00||
|E111|GO020158|Credito outorgado PROGOIAS|64,60|
|E115|GO100002|285,00|ICMS das saidas incentivadas|
|E115|GO100003|190,00|ICMS das entradas incentivadas com direito a credito|
